ATOMIC_POSITIONS angstroms
ATOMIC_POSITIONS angstroms
Ba  0.5  0.5  0.237439243601172
Ba 0.5  0.5  0.525760243412047
Y 0.5  0.5  0.381599722192219
Cu 0  0  0.608982592647958
Cu 0  0  0.315340497816954
Cu 0  0  0.447858989196265
O 0  0  0.226615869059951
O 0  0  0.536583672761702
O 0  0  0.0771086390121473
O 0.5  0  0.325390817675416
O 0.5  0  0.437808705876759
O 0.5  0  0
O 0.5  0  0.154217278024295
O 0  0.5  0
O 0  0.5  0.154217278024295
O 0  0.5  0.325800114875935
O 0  0.5  0.43739940867624
O 0  0.5  0.608982592647958
Sr 0.5  0.5  0.0771086390121473
Ti 0  0  0
Ti 0  0  0.154217278024295
