216	-7964.41517010 0.19646909
217	-7964.40703970 0.16435798
218	-7964.40593305 0.12301788
219	-7964.39575247 0.09020940
220	-7964.39567407 0.17349145
221	-7964.39716471 0.03854491
222	-7964.39773655 0.07268566
223	-7964.39817161 0.03687170
224	-7964.39775670 0.02838164
225	-7964.39704734 0.02833495
226	-7964.39623228 0.03175804
227	-7964.39638715 0.03138490
228	-7964.39569458 0.02886856
229	-7964.39586235 0.03060617
230	-7964.39547353 0.01819086
231	-7964.39475255 0.01452700
232	-7964.39482551 0.00804812
233	-7964.39479736 0.00626836
234	-7964.39454492 0.00535142
235	-7964.39438382 0.00444799
236	-7964.39399909 0.00353815
237	-7964.39404090 0.00271667
238	-7964.39401633 0.00203984
239	-7964.39418065 0.00164378
240	-7964.39401054 0.00156405
241	-7964.39397835 0.00100657
242	-7964.39395833 0.00095084
243	-7964.39396829 0.00093609
244	-7964.39399853 0.00092907
245	-7964.39402805 0.00089055
246	-7964.39402819 0.00080886
247	-7964.39393434 0.00078078
248	-7964.39396001 0.00066029
249	-7964.39400282 0.00053284
250	-7964.39405695 0.00040863
251	-7964.39405703 0.00021804
252	-7964.39405927 0.00012522
253	-7964.39406309 0.00008372
254	-7964.39406153 0.00005307
255	-7964.39406119 0.00003578
256	-7964.39405642 0.00002446
257	-7964.39404664 0.00001252
258	-7964.39431215 0.83809332
259	-7964.39449279 0.17967563
260	-7964.39446791 0.02775870
261	-7964.39444267 0.01868474
262	-7964.39438968 0.00485012
263	-7964.39437983 0.00084477
264	-7964.39436175 0.00033015
265	-7964.39434366 0.00049521
266	-7964.39434359 0.00013200
267	-7964.39434038 0.00011215
268	-7964.39433909 0.00012794
269	-7964.39433749 0.00013498
270	-7964.39433532 0.00006908
271	-7964.39433548 0.00003615
272	-7964.39433526 0.00002202
273	-7964.39433444 0.00002044
274	-7964.39433375 0.00002035
275	-7964.39431731 0.00001727
276	-7964.39546180 0.74514628
277	-7964.39558408 0.18759896
278	-7964.39536421 0.05318636
279	-7964.39544089 0.03662945
280	-7964.39526777 0.01270689
281	-7964.39529760 0.00583687
282	-7964.39515770 0.00341907
283	-7964.39529993 0.00930316
284	-7964.39513561 0.01192047
285	-7964.39515804 0.00653036
286	-7964.39514731 0.00314024
287	-7964.39509029 0.00387506
288	-7964.39507633 0.00121673
289	-7964.39508304 0.00127436
290	-7964.39506280 0.00065941
291	-7964.39502784 0.00027755
292	-7964.39503347 0.00009873
293	-7964.39502322 0.00009730
294	-7964.39502047 0.00004384
295	-7964.39502035 0.00004782
296	-7964.39500488 0.00001832
297	-7964.39611032 0.23253830
298	-7964.39619654 0.05028808
299	-7964.39616281 0.01057647
300	-7964.39615860 0.00533224
301	-7964.39610021 0.00281762
302	-7964.39611100 0.00030060
303	-7964.39610668 0.00013346
304	-7964.39609716 0.00011591
305	-7964.39609269 0.00007515
306	-7964.39609169 0.00004835
307	-7964.39609077 0.00002699
308	-7964.39608962 0.00002252
309	-7964.39607420 0.00001621
310	-7964.39754944 0.78216681
311	-7964.39768537 0.16920396
312	-7964.39769443 0.03178137
313	-7964.39760168 0.01560535
314	-7964.39755530 0.00553636
315	-7964.39754082 0.00145908
316	-7964.39752857 0.00021017
317	-7964.39752400 0.00011997
318	-7964.39751491 0.00010214
319	-7964.39751198 0.00008732
320	-7964.39751175 0.00007058
321	-7964.39751184 0.00003126
322	-7964.39751174 0.00003530
323	-7964.39751183 0.00002087
324	-7964.39749317 0.00001950
325	-7964.39960247 2.41700317
326	-7964.39988174 0.59694473
327	-7964.39998121 0.13156478
328	-7964.39948953 0.06586375
329	-7964.39950898 0.01171654
330	-7964.39954796 0.00348207
331	-7964.39945958 0.00229410
332	-7964.39943578 0.00227930
333	-7964.39936080 0.00223075
334	-7964.39934442 0.00310156
335	-7964.39930268 0.00204327
336	-7964.39931254 0.00103542
337	-7964.39931938 0.00082384
338	-7964.39929981 0.00071600
339	-7964.39927567 0.00047653
340	-7964.39925108 0.00029398
341	-7964.39924287 0.00013195
342	-7964.39924582 0.00006706
343	-7964.39924699 0.00005774
344	-7964.39924553 0.00005089
345	-7964.39924504 0.00004821
346	-7964.39924583 0.00005306
347	-7964.39924446 0.00005364
348	-7964.39924377 0.00004616
349	-7964.39924081 0.00003341
350	-7964.39924111 0.00002112
351	-7964.39922868 0.00001343
352	-7964.40134488 0.18270862
353	-7964.40138689 0.04084979
354	-7964.40130937 0.00927041
355	-7964.40129352 0.00704556
356	-7964.40127879 0.00078032
357	-7964.40127220 0.00039513
358	-7964.40126656 0.00031343
359	-7964.40123782 0.00048588
360	-7964.40124049 0.00022415
361	-7964.40123279 0.00014047
362	-7964.40123169 0.00012374
363	-7964.40123075 0.00010039
364	-7964.40122864 0.00006429
365	-7964.40122737 0.00004516
366	-7964.40122684 0.00002521
367	-7964.40120987 0.00001785
368	-7964.40332958 0.91559730
369	-7964.40402342 0.20848978
370	-7964.40387390 0.10362741
371	-7964.40366017 0.03435290
372	-7964.40368066 0.00536875
373	-7964.40368930 0.00281954
374	-7964.40369311 0.00275049
375	-7964.40356177 0.00280511
376	-7964.40353388 0.00240571
377	-7964.40351873 0.00201339
378	-7964.40351847 0.00138956
379	-7964.40349018 0.00114666
380	-7964.40346689 0.00062313
381	-7964.40343584 0.00042338
382	-7964.40343211 0.00018065
383	-7964.40341236 0.00011386
384	-7964.40341195 0.00004152
385	-7964.40341065 0.00002907
386	-7964.40339608 0.00001723
387	-7964.40565180 0.23505146
388	-7964.40581446 0.03105739
389	-7964.40580717 0.01010100
390	-7964.40575463 0.00502386
391	-7964.40573021 0.00183779
392	-7964.40573257 0.00029563
393	-7964.40572720 0.00010648
394	-7964.40572362 0.00004262
395	-7964.40572153 0.00002350
396	-7964.40571299 0.00001165
397	-7964.40782032 0.52802081
398	-7964.40829884 0.06083324
399	-7964.40825145 0.03432514
400	-7964.40818395 0.01346471
401	-7964.40815340 0.00436016
402	-7964.40814864 0.00131672
403	-7964.40815060 0.00040068
404	-7964.40814288 0.00049100
405	-7964.40811979 0.00044242
406	-7964.40811840 0.00037778
407	-7964.40811227 0.00032871
408	-7964.40811320 0.00023719
409	-7964.40811167 0.00018396
410	-7964.40811136 0.00014165
411	-7964.40810762 0.00011103
412	-7964.40810745 0.00007283
413	-7964.40810608 0.00005895
414	-7964.40810573 0.00005202
415	-7964.40810495 0.00003360
416	-7964.40808872 0.00001877
417	-7964.41087717 0.14187709
418	-7964.41075209 0.06709036
419	-7964.41071559 0.02213077
420	-7964.41069075 0.00723839
421	-7964.41064043 0.00360038
422	-7964.41065142 0.00155519
423	-7964.41065207 0.00142293
424	-7964.41055656 0.00144479
425	-7964.41056323 0.00096832
426	-7964.41054307 0.00099687
427	-7964.41054218 0.00056117
428	-7964.41054056 0.00116375
429	-7964.41052869 0.00051767
430	-7964.41050088 0.00058413
431	-7964.41050312 0.00021300
432	-7964.41049636 0.00014000
433	-7964.41049607 0.00012634
434	-7964.41049511 0.00010712
435	-7964.41048918 0.00009136
436	-7964.41049043 0.00005047
437	-7964.41048959 0.00003447
438	-7964.41048807 0.00002246
439	-7964.41047722 0.00001285
440	-7964.41285392 0.31818486
441	-7964.41299957 0.08550072
442	-7964.41298311 0.02850392
443	-7964.41287655 0.01173547
444	-7964.41288006 0.00183072
445	-7964.41288494 0.00077389
446	-7964.41287691 0.00061440
447	-7964.41284392 0.00056782
448	-7964.41283230 0.00053239
449	-7964.41282779 0.00036909
450	-7964.41283359 0.00028204
451	-7964.41282996 0.00027114
452	-7964.41282266 0.00024156
453	-7964.41281661 0.00017530
454	-7964.41281275 0.00010652
455	-7964.41281068 0.00004621
456	-7964.41280932 0.00002769
457	-7964.41279226 0.00001913
458	-7964.41515912 0.39205814
459	-7964.41528559 0.08443183
460	-7964.41522442 0.03365653
461	-7964.41511930 0.01295008
462	-7964.41513563 0.00227052
463	-7964.41513422 0.00154533
464	-7964.41511319 0.00251198
465	-7964.41508168 0.00238435
466	-7964.41504582 0.00229577
467	-7964.41504566 0.00115938
468	-7964.41503124 0.00082454
469	-7964.41503638 0.00053270
470	-7964.41502661 0.00044606
471	-7964.41502320 0.00020801
472	-7964.41502489 0.00016319
473	-7964.41502066 0.00013541
474	-7964.41501711 0.00011912
475	-7964.41501421 0.00008933
476	-7964.41501391 0.00006566
477	-7964.41501304 0.00004988
478	-7964.41501090 0.00003740
479	-7964.41499405 0.00001930
480	-7964.41716887 0.68323707
481	-7964.41732258 0.17711508
482	-7964.41743201 0.03459919
483	-7964.41720130 0.02331443
484	-7964.41721405 0.00529935
485	-7964.41720946 0.00205064
486	-7964.41715308 0.00162537
487	-7964.41711719 0.00115864
488	-7964.41711264 0.00120180
489	-7964.41710199 0.00088478
490	-7964.41711023 0.00081660
491	-7964.41706449 0.00085862
492	-7964.41707034 0.00044553
493	-7964.41707101 0.00066610
494	-7964.41706026 0.00037141
495	-7964.41706322 0.00012717
496	-7964.41705506 0.00012619
497	-7964.41705005 0.00007218
498	-7964.41705078 0.00003304
499	-7964.41705026 0.00002244
500	-7964.41703340 0.00001831
501	-7964.41909846 0.43654438
502	-7964.41919981 0.10125914
503	-7964.41913694 0.03803217
504	-7964.41901029 0.01574100
505	-7964.41901027 0.00305134
506	-7964.41899662 0.00144646
507	-7964.41897812 0.00213287
508	-7964.41895351 0.00180376
509	-7964.41889993 0.00184248
510	-7964.41890185 0.00077852
511	-7964.41889612 0.00056931
512	-7964.41889811 0.00033768
513	-7964.41889710 0.00017578
514	-7964.41889395 0.00012959
515	-7964.41889282 0.00010223
516	-7964.41888842 0.00009273
517	-7964.41888599 0.00007794
518	-7964.41888577 0.00006538
519	-7964.41888541 0.00004519
520	-7964.41888579 0.00003759
521	-7964.41888453 0.00003570
522	-7964.41888426 0.00002965
523	-7964.41888322 0.00002360
524	-7964.41888292 0.00002783
525	-7964.41887736 0.00000674
526	-7964.41918254 2.01940457
527	-7964.42099367 0.17626290
528	-7964.42098708 0.10621606
529	-7964.42073953 0.04673846
530	-7964.42071795 0.01048023
531	-7964.42071272 0.00402898
532	-7964.42068211 0.00146217
533	-7964.42067194 0.00054631
534	-7964.42063833 0.00047199
535	-7964.42062509 0.00033372
536	-7964.42063492 0.00034504
537	-7964.42062454 0.00034361
538	-7964.42062185 0.00027157
539	-7964.42061908 0.00037223
540	-7964.42061805 0.00016858
541	-7964.42061794 0.00008347
542	-7964.42061727 0.00006709
543	-7964.42061353 0.00006771
544	-7964.42061120 0.00004215
545	-7964.42059401 0.00001892
546	-7964.42141474 3.85759979
547	-7964.42333186 0.66617292
548	-7964.42328063 0.27670155
549	-7964.42271008 0.12083687
550	-7964.42244315 0.03077944
551	-7964.42252933 0.00620984
552	-7964.42255953 0.00573774
553	-7964.42239612 0.00716916
554	-7964.42233861 0.00754332
555	-7964.42226162 0.00568861
556	-7964.42227831 0.00374256
557	-7964.42226207 0.00135049
558	-7964.42224849 0.00073028
559	-7964.42222865 0.00062573
560	-7964.42222213 0.00049591
561	-7964.42220869 0.00034721
562	-7964.42219329 0.00030154
563	-7964.42218250 0.00022241
564	-7964.42218292 0.00020248
565	-7964.42218136 0.00015529
566	-7964.42217903 0.00013812
567	-7964.42217866 0.00010060
568	-7964.42217649 0.00009626
569	-7964.42217763 0.00007249
570	-7964.42217696 0.00007784
571	-7964.42217417 0.00006082
572	-7964.42217213 0.00006797
573	-7964.42217170 0.00003179
574	-7964.42217248 0.00002178
575	-7964.42217247 0.00002622
576	-7964.42216074 0.00001243
577	-7964.42182946 3.04324225
578	-7964.42418264 0.30890632
579	-7964.42421670 0.16168983
580	-7964.42381366 0.07031705
581	-7964.42379055 0.01544020
582	-7964.42376334 0.00578558
583	-7964.42371718 0.00200708
584	-7964.42366875 0.00068838
585	-7964.42366739 0.00038046
586	-7964.42363604 0.00038899
587	-7964.42364653 0.00029732
588	-7964.42363985 0.00029709
589	-7964.42363619 0.00030589
590	-7964.42363060 0.00024076
591	-7964.42362426 0.00017863
592	-7964.42362517 0.00011472
593	-7964.42362603 0.00008082
594	-7964.42362662 0.00007755
595	-7964.42362127 0.00007925
596	-7964.42362044 0.00005865
597	-7964.42361963 0.00005010
598	-7964.42361865 0.00003453
599	-7964.42361809 0.00002711
600	-7964.42361820 0.00002155
601	-7964.42360285 0.00001639
602	-7964.42556000 0.47552490
603	-7964.42544064 0.17577266
604	-7964.42544198 0.04551175
605	-7964.42520711 0.02428062
606	-7964.42529736 0.00411119
607	-7964.42527330 0.00297136
608	-7964.42523590 0.00242036
609	-7964.42513498 0.00222289
610	-7964.42506134 0.00184672
611	-7964.42506248 0.00157910
612	-7964.42506338 0.00121220
613	-7964.42504350 0.00114854
614	-7964.42501982 0.00092315
615	-7964.42499423 0.00059162
616	-7964.42498284 0.00033621
617	-7964.42498135 0.00029986
618	-7964.42497388 0.00023748
619	-7964.42495284 0.00023649
620	-7964.42495721 0.00014078
621	-7964.42495610 0.00010741
622	-7964.42495123 0.00007840
623	-7964.42495202 0.00006110
624	-7964.42495176 0.00004789
625	-7964.42495019 0.00004074
626	-7964.42495039 0.00002671
627	-7964.42493507 0.00001852
628	-7964.42552500 1.10961591
629	-7964.42649993 0.12826753
630	-7964.42652889 0.05173448
631	-7964.42627127 0.02544056
632	-7964.42629403 0.00670709
633	-7964.42626573 0.00499893
634	-7964.42622773 0.00273349
635	-7964.42621351 0.00087653
636	-7964.42620845 0.00103584
637	-7964.42618101 0.00113104
638	-7964.42618424 0.00060993
639	-7964.42616539 0.00054186
640	-7964.42616622 0.00028629
641	-7964.42615941 0.00019038
642	-7964.42615944 0.00012816
643	-7964.42615709 0.00010656
644	-7964.42615281 0.00009147
645	-7964.42614960 0.00006522
646	-7964.42614955 0.00003663
647	-7964.42614905 0.00002814
648	-7964.42614867 0.00002483
649	-7964.42614801 0.00002516
650	-7964.42614733 0.00002332
651	-7964.42612849 0.00001975
652	-7964.42720894 2.39758503
653	-7964.42824325 0.47939067
654	-7964.42820828 0.17611753
655	-7964.42798886 0.08686759
656	-7964.42732560 0.04960283
657	-7964.42752048 0.00659661
658	-7964.42757737 0.00524729
659	-7964.42746795 0.00527230
660	-7964.42734817 0.00665369
661	-7964.42736271 0.00293962
662	-7964.42727826 0.00268063
663	-7964.42729417 0.00388957
664	-7964.42729484 0.00283484
665	-7964.42727498 0.00075636
666	-7964.42726398 0.00069825
667	-7964.42721542 0.00042458
668	-7964.42721681 0.00033927
669	-7964.42721810 0.00019605
670	-7964.42721944 0.00021343
671	-7964.42721863 0.00021231
672	-7964.42721479 0.00018281
673	-7964.42720820 0.00017277
674	-7964.42720786 0.00015293
675	-7964.42720889 0.00012800
676	-7964.42720875 0.00012700
677	-7964.42720665 0.00012534
678	-7964.42719597 0.00011787
679	-7964.42719969 0.00007291
680	-7964.42719894 0.00006563
681	-7964.42719871 0.00006828
682	-7964.42719965 0.00003632
683	-7964.42719833 0.00003302
684	-7964.42719821 0.00002897
685	-7964.42719710 0.00002356
686	-7964.42718267 0.00001514
687	-7964.42758652 1.07915696
688	-7964.42848404 0.15513469
689	-7964.42849892 0.05347396
690	-7964.42822443 0.02370535
691	-7964.42826457 0.00459651
692	-7964.42823628 0.00281832
693	-7964.42821061 0.00102366
694	-7964.42817442 0.00065126
695	-7964.42816833 0.00040155
696	-7964.42816549 0.00038542
697	-7964.42815044 0.00032020
698	-7964.42814294 0.00020619
699	-7964.42814174 0.00013819
700	-7964.42814025 0.00010346
701	-7964.42813995 0.00008764
702	-7964.42813509 0.00007228
703	-7964.42813338 0.00005541
704	-7964.42813274 0.00003291
705	-7964.42813290 0.00002579
706	-7964.42813237 0.00002104
707	-7964.42811541 0.00001791
708	-7964.42759947 2.02431060
709	-7964.42942010 0.19762503
710	-7964.42939145 0.11205787
711	-7964.42904786 0.04726661
712	-7964.42910456 0.00588676
713	-7964.42909933 0.00201227
714	-7964.42911159 0.00341199
715	-7964.42902757 0.00471505
716	-7964.42897967 0.00473913
717	-7964.42898567 0.00235898
718	-7964.42897868 0.00163671
719	-7964.42897767 0.00113407
720	-7964.42897327 0.00064726
721	-7964.42895886 0.00021070
722	-7964.42895306 0.00031247
723	-7964.42895132 0.00007351
724	-7964.42894471 0.00005819
725	-7964.42894643 0.00003624
726	-7964.42894573 0.00003204
727	-7964.42894607 0.00003033
728	-7964.42894628 0.00002788
729	-7964.42894629 0.00002743
730	-7964.42894597 0.00002748
731	-7964.42894595 0.00002805
732	-7964.42894615 0.00002821
733	-7964.42894496 0.00002819
734	-7964.42894483 0.00002672
735	-7964.42894452 0.00002063
736	-7964.42894444 0.00002289
737	-7964.42894318 0.00002398
738	-7964.42893721 0.00000698
739	-7964.42943064 0.74821384
740	-7964.42996647 0.10281670
741	-7964.42996255 0.04196216
742	-7964.42980800 0.01824405
743	-7964.42979976 0.00457761
744	-7964.42980025 0.00209379
745	-7964.42976809 0.00100509
746	-7964.42976757 0.00046208
747	-7964.42975972 0.00047831
748	-7964.42975052 0.00052718
749	-7964.42975155 0.00038313
750	-7964.42973090 0.00041286
751	-7964.42973242 0.00025884
752	-7964.42972890 0.00019654
753	-7964.42973317 0.00017958
754	-7964.42972737 0.00016929
755	-7964.42972641 0.00013161
756	-7964.42972847 0.00016520
757	-7964.42972678 0.00015454
758	-7964.42972459 0.00014475
759	-7964.42972637 0.00014003
760	-7964.42972508 0.00015594
761	-7964.42972454 0.00013716
762	-7964.42972562 0.00011641
763	-7964.42972354 0.00009701
764	-7964.42971994 0.00007648
765	-7964.42971965 0.00005205
766	-7964.42971978 0.00003240
767	-7964.42971904 0.00002233
768	-7964.42970358 0.00001621
769	-7964.43077333 0.16995322
770	-7964.43079244 0.06298349
771	-7964.43078526 0.02129349
772	-7964.43068129 0.01440268
773	-7964.43062728 0.00659603
774	-7964.43054936 0.00208614
775	-7964.43061231 0.00281218
776	-7964.43054890 0.00399661
777	-7964.43053949 0.00464519
778	-7964.43051612 0.00362793
779	-7964.43049348 0.00217028
780	-7964.43048713 0.00074498
781	-7964.43049284 0.00042116
782	-7964.43048126 0.00038420
783	-7964.43047462 0.00033852
784	-7964.43046618 0.00021218
785	-7964.43045869 0.00013362
786	-7964.43045636 0.00011495
787	-7964.43045641 0.00010573
788	-7964.43045258 0.00010150
789	-7964.43045324 0.00008611
790	-7964.43044920 0.00007696
791	-7964.43045057 0.00005216
792	-7964.43045016 0.00004878
793	-7964.43044952 0.00004339
794	-7964.43044892 0.00003683
795	-7964.43044869 0.00003181
796	-7964.43044784 0.00002716
797	-7964.43043420 0.00001465
798	-7964.43030742 1.50845278
799	-7964.43153675 0.18022782
800	-7964.43153633 0.07092626
801	-7964.43125877 0.03274667
802	-7964.43127239 0.00852692
803	-7964.43118655 0.00389964
804	-7964.43120538 0.00071945
805	-7964.43116388 0.00059160
806	-7964.43115257 0.00040833
807	-7964.43115689 0.00036132
808	-7964.43115766 0.00035293
809	-7964.43115585 0.00034980
810	-7964.43115976 0.00033759
811	-7964.43114476 0.00034936
812	-7964.43114296 0.00033684
813	-7964.43113336 0.00023116
814	-7964.43113477 0.00015333
815	-7964.43113575 0.00014940
816	-7964.43113559 0.00014167
817	-7964.43113480 0.00014133
818	-7964.43113359 0.00013569
819	-7964.43113343 0.00012795
820	-7964.43112911 0.00012554
821	-7964.43111992 0.00010992
822	-7964.43112158 0.00004684
823	-7964.43112190 0.00003906
824	-7964.43112104 0.00003684
825	-7964.43110294 0.00001961
826	-7964.43134538 2.45303234
827	-7964.43250322 0.42930715
828	-7964.43247932 0.14485056
829	-7964.43206280 0.06540745
830	-7964.43206048 0.01370046
831	-7964.43210104 0.00527216
832	-7964.43207850 0.00673050
833	-7964.43187233 0.00778523
834	-7964.43190249 0.00668143
835	-7964.43185829 0.00655970
836	-7964.43189475 0.00420742
837	-7964.43180710 0.00380378
838	-7964.43183449 0.00138087
839	-7964.43179882 0.00088445
840	-7964.43177480 0.00049782
841	-7964.43177258 0.00028843
842	-7964.43176119 0.00026389
843	-7964.43175514 0.00027245
844	-7964.43174695 0.00020627
845	-7964.43174736 0.00016898
846	-7964.43174475 0.00013655
847	-7964.43174126 0.00010079
848	-7964.43174217 0.00004853
849	-7964.43173828 0.00003747
850	-7964.43173838 0.00002493
851	-7964.43172329 0.00001747
852	-7964.43039622 4.28404823
853	-7964.43315590 0.56533836
854	-7964.43322078 0.22011285
855	-7964.43260751 0.09874574
856	-7964.43263431 0.02344243
857	-7964.43252307 0.01377130
858	-7964.43248105 0.00279969
859	-7964.43240351 0.00141441
860	-7964.43238155 0.00086706
861	-7964.43235808 0.00089137
862	-7964.43232922 0.00078558
863	-7964.43232752 0.00069588
864	-7964.43230953 0.00052057
865	-7964.43230741 0.00044398
866	-7964.43230695 0.00028821
867	-7964.43230007 0.00016215
868	-7964.43230364 0.00014215
869	-7964.43230355 0.00013801
870	-7964.43230436 0.00014001
871	-7964.43230406 0.00013970
872	-7964.43230451 0.00013479
873	-7964.43230264 0.00013062
874	-7964.43230278 0.00013664
875	-7964.43230469 0.00014254
876	-7964.43230049 0.00013621
877	-7964.43229921 0.00012954
878	-7964.43230006 0.00011724
879	-7964.43229875 0.00011776
880	-7964.43229875 0.00011463
881	-7964.43229970 0.00010757
882	-7964.43229937 0.00008216
883	-7964.43229754 0.00005504
884	-7964.43229530 0.00006560
885	-7964.43229313 0.00002941
886	-7964.43228129 0.00001395
887	-7964.43203587 0.71487389
888	-7964.43299081 0.05018810
889	-7964.43295837 0.02861222
890	-7964.43274949 0.01447594
891	-7964.43285677 0.00145493
892	-7964.43285646 0.00117486
893	-7964.43285706 0.00209212
894	-7964.43280578 0.00267508
895	-7964.43279457 0.00145666
896	-7964.43279629 0.00072773
897	-7964.43279522 0.00039382
898	-7964.43279434 0.00026339
899	-7964.43279001 0.00018059
900	-7964.43278452 0.00008103
901	-7964.43278406 0.00004646
902	-7964.43278260 0.00003000
903	-7964.43276632 0.00001829
904	-7964.43325861 1.22397471
905	-7964.43359812 0.25287358
906	-7964.43366765 0.05634054
907	-7964.43334251 0.03319943
908	-7964.43349687 0.00772984
909	-7964.43331362 0.00822267
910	-7964.43327130 0.00343663
911	-7964.43331116 0.00341478
912	-7964.43329064 0.00366058
913	-7964.43327473 0.00404237
914	-7964.43328401 0.00242695
915	-7964.43327401 0.00171441
916	-7964.43324616 0.00090550
917	-7964.43321102 0.00051117
918	-7964.43321384 0.00016375
919	-7964.43320663 0.00007494
920	-7964.43320180 0.00005848
921	-7964.43320320 0.00004732
922	-7964.43320246 0.00003320
923	-7964.43319157 0.00001370
924	-7964.43333700 0.37350568
925	-7964.43372864 0.05217478
926	-7964.43373023 0.01841909
927	-7964.43364857 0.00900743
928	-7964.43362704 0.00408959
929	-7964.43360068 0.00207641
930	-7964.43358135 0.00060481
931	-7964.43357758 0.00043912
932	-7964.43356431 0.00035162
933	-7964.43356228 0.00032350
934	-7964.43355758 0.00026025
935	-7964.43355523 0.00025959
936	-7964.43355355 0.00017575
937	-7964.43354919 0.00009793
938	-7964.43354988 0.00005187
939	-7964.43354854 0.00003843
940	-7964.43354639 0.00002890
941	-7964.43354654 0.00002083
942	-7964.43353174 0.00001551
943	-7964.43385024 2.31058355
944	-7964.43455249 0.48199304
945	-7964.43460200 0.11868098
946	-7964.43435911 0.06689348
947	-7964.43403330 0.03223994
948	-7964.43411398 0.00624101
949	-7964.43403994 0.00433743
950	-7964.43397786 0.00373746
951	-7964.43396552 0.00387357
952	-7964.43392164 0.00335998
953	-7964.43390208 0.00276035
954	-7964.43390188 0.00126475
955	-7964.43385828 0.00087018
956	-7964.43386045 0.00062476
957	-7964.43384864 0.00037130
958	-7964.43384390 0.00023025
959	-7964.43383935 0.00018993
960	-7964.43382802 0.00014553
961	-7964.43383177 0.00018365
962	-7964.43383273 0.00017943
963	-7964.43383124 0.00013301
964	-7964.43382621 0.00014593
965	-7964.43382592 0.00006602
966	-7964.43382490 0.00005461
967	-7964.43382406 0.00003317
968	-7964.43382349 0.00002983
969	-7964.43380962 0.00001618
970	-7964.43302075 2.44254891
971	-7964.43464000 0.33933922
972	-7964.43465114 0.11391738
973	-7964.43426024 0.05415926
